poisson
8.531
8.531
8.531
8.531
8.531
8.531
10.989
10.989
9.163
9.163
9.163
9.163
12.223
12.223
10.773
10.773
1.184
3.391
3.391
16.450
7.505
7.505
8.601
8.601
8.601
8.601
8.322
7.468
12.214
12.214
7.323
7.323
7.323
7.323
7.323
4.679
4.679
4.679
4.679
4.679
10.717
6.441
6.441
6.441
6.441
6.441
6.441
7.522
11.118
8.950
8.950
8.950
8.950
10.491
10.491
12.841
8.539
8.539
7.193
7.953
7.953
9.694
13.739
8.086
13.709
13.709
13.709
9.364
9.364
9.357
9.357
13.855
13.855
11.351
11.351
9.770
12.335
12.335
12.335
12.335
11.815
11.815
11.815
16.843
5.456
8.926
8.926
8.926
8.926
8.926
8.358
9.711
8.772
8.772
15.326
15.326
6.313
6.313
9.810
9.810
